1--[79,51,78,55,77,51,80,55,85,51,79,51,76]
2--[84,78,78,71,79,51,78,51,77,51,80,55,85,51,79,51,76,51,82]
3--[84,78,78,71,79,51,78,55,77,51,80,55,85,51,79,51,76,51,82]
4--[84,78,78,71,79,51,78,51,77,51,80,55,85,51,79,51,76,51,82]
5--[84,78,78,71,79,51,78,55,77,51,80,55,85,51,79,51,76,51,82]
6--[51,78,51,77,51][51,79,51,76,51][51,80,55,85,51]
7--[84,78,78,71,79,51,78,55,77,51,80,55,85,51,79,51,76,51,82]
8--[79,51,78,55,77,51,80,55,85,51,79,51,76,51,82]
9--[84,78,78,71,79,51,78,55,77,51,80,55,85,51,79,51,76,51,82]
10--[79,51,78,55,77,51,80,55,85,51,79,51,76,51,82]
11--[84,78,78,71,79,51,78,55,77,51,80,55,85,51,79,51,76,51,82]
12--[84,78,78,71,79,51,78,55,77,51,80,55,85,51,79,51,76,51,82]
13--[80,84,78,78,71,79,51,78,55,77,51,80,55,85,51,79,55,76,51,82]
14--[84,78,78,71,79,51,78,51,77,51,80,55,85,51,79,51,76,51,82]
15--[84,78,78,71,79,51,78,51,77,51,80,55,85,51,79,51,76,51,82]
16--[84,78,78,71,79,51,78,55,77,51,80,55,85,51,79,51,76,51,82]
17--[84,78,78,71,79,51,78,55,77,51,80,55,85,51,79,51,76,51,82]
18--[79,51,78,51,77,51,80,55,85,51,79,51,76,51,82]
19--[79,51,78,55,77,51,80,55,85,51,79,51,76,55,82]
20--[79,51,78,55,77,51,80,55,85,51,79,51,76,51,82]
21--[84,78,78,71,79,51,78,55,77,51,80,55,85,51,79,51,76,51,82]
22--[84,78,78,71,79,51,78,55,77,51,80,55,85,51,79,51,76,51,82]
23--[88,88,80,84,78,78,71,79,51,78,55,77,51,80,55,85,51,79,55,76,51,82]
24--[84,78,78,71,79,51,78,55,77,51,80,55,85,51,79,51,76,51,82]
25--[78,55,77,51,80][85,51,79,51,76]
26--[79,51,78,51,77,51,80,55,85,51,79,51,76,51,82]
27--[84,78,78,71,79,51,78,55,77,51,80,55,85,51,79,51,76,51,82]
28--[84,78,78,71,79,51,78,55,77,51,80,55,85,51,79,51,76,51,82]
29--[88,88,80,84,78,78,71,79,51,78,55,77,51,80,55,85,51,79,55,76,51,82]
30--[84,78,78,71,79,51,78,51,77,51,80,55,85,51,79,51,76,51,82]
31--[84,78,78,71,79,51,78,51,77,51,80,55,85,51,79,51,76,51,82]
32--[79,51,78,55,77,51,80,55,85,51,79,51,76]
33--[84,78,78,71,79,51,78,55,77,51,80,55,85,51,79,51,76,51,82]
34--[84,78,78,71,79,51,78,55,77,51,80,55,85,51,79,51,76,55,82]
35--[84,78,78,71,79,51,78,51,77,51,80,55,85,51,79,51,76,51,82]
36--[84,78,78,71,79,51,78,55,77,51,80,55,85,51,79,51,76,51,82]
37--[79,51,78,55,77,51,80,55,85,51,79,55,76,51,82]
38--[84,78,78,71,79,51,78,55,77,51,80,55,85,51,79,51,76,51,82]
39--[84,78,78,71,79,51,78,55,77,51,80,55,85,51,79,51,76,51,82]
40--[88,80,84,78,78,71,79,51,78,55,77,51,80,55,85,51,79,55,76,51,82]
41--[84,78,78,71,79,51,78,51,77,51,80,55,85,51,79,51,76,51,82]
42--[84,78,78,71,79,51,78,55,77,51,80,55,85,51,79,51,76,51,82]
43--[84,78,78,71,79,51,78,55,77,51,80,55,85,51,79,51,76,51,82]
44--[79,51,78,55,77,51,80,55,85,51,79,51,76,51,82]
45--[79,51,78,55,77,51,80,55,85,51,79,51,76,51,82]
46--[84,78,78,71,79,51,78,55,77,51,80,55,85,51,79,51,76,51,82]
47--[84,78,78,71,79,51,78,55,77,51,80,55,85,51,79,51,76,51,82]
48--[79,51,78,55,77,51,80,55,85,51,79,51,76,51,82]
49--[79,51,78,55,77,51,80,55,85,51,79,51,76,51,82]
50--[79,51,78,55,77,51,80,55,85,51,79,51,76,51,82]
51--[84,78,78,71,79,51,78,55,77,51,80,55,85,51,79,51,76,51,82]
52--[79,51,78,55,77,51,80,55,85,51,79,51,76,51,82]
53--[79,51,78,55,77,51,80,55,85,51,79,51,76,55,82]
54--[79,51,78,55,77,51,80,55,85,51,79,51,76,51,82]
55--[79,51,78,55,77,51,80,55,85,51,79,51,76,51,82]
56--[88,80,84,78,78,71,79,51,78,55,77,51,80,55,85,51,79]
57--[78,55,71,55,79,51,78,51,77,51,80,55,85,51,79,51,76,51]
58--[84,78,78,71,79,51,78,55,77,51,80,55,85,51,79]
59--[79,51,78,55,77,51,80,55,85,51,79,51,76,51,82]
60--[79,51,78,55,77,51,80,55,85,51,79,51,76,51,82]
61--[79,51,78,55,77,51,80,55,85,51,79,51,76,51,82]
62--[84,78,78,71,79,51,78,55,77,51,80,55,85,51,79,51,76,51,82]
63--[84,78,78,71,79,51,78,55,77,51,80,55,85,51,79,51,76,51,82]
64--[51,78,55,77,51][51,80,55,85,51]
65--[84,78,78,71,79,51,78,55,77,51,80,55,85,51,79,51,76,51,82]
66--[84,78,78,71,79,51,78,55,77,51,80,55,85,51,79,51,76,51,82]
67--[80,84,78,78,71,79,51,78,55,77,51,80,55,85,51,79,55,76,51,82]
68--[84,78,78,71,79,51,78,51,77,51,80,55,85,51,79,51,76,51,82]
69--[79,51,78,51,77,51,80,55,85,51,79,51,76,51,82]
70--[84,78,78,71,79,51,78,55,77,51,80,55,85,51,79,51,76,51,82]
71--[84,78,78,71,79,51,78,55,77,51,80,55,85,51,79,51,76,51,82]
72--[79,51,78,55,77,51,80,55,85,51,79,51,76,51,82]
73--[79,51,78,51,77,51,80,55,85,51,79,51,76,51,82]
74--[51,79,51,76,51][51,80,55,85,51]
75--[78,51,78,51,77,51,77,51,80,51,80,55,85,51,85,51,79]
76--[78,51,77,51,77,51,80,51,80,55,85,51,85]
77--[79,51,79,51,78,51,78,51,77,51,77,51,80,51,80]
78--[79,51,78,51,77,51,80,55,85,51,79,51,76,51,82]
79--[79,51,78,51,77,51,80,55,85,51,79,51,76,51,82]
80--[87,51,87,55,90,51,90,55,77,51,77]
81--[78,51,77,51,77,51,80,51,80]
82--[51,80]
83--[51,87,55]
84--[79,51,78,51,77,51,80,55,85,51,79,51,76,51,82]
85--[84,78,78,71,79,51,78,51,77,51,80,55,85,51,79]
86--[77,51,80,55,85,51,79][84,78,78,71,79,51,78]
87--[84,78,78,71,79,51,78,55,77,51,80,55,85,51,79,51,76,51,82]
88--[79,51,78,51,77,51,80,55,85,51,79,51,76,51,82]
89--[84,78,78,71,79,51,78,51,77,51,80,55,85,51,79,51,76,51,82]
90--[79,51,78,51,77,51,80,55,85,51,79,51,76,51,82]
91--[79,51,78,51,77,51,80,55,85,51,79,51,76,51,82]
92--[84,78,78,71,79,51,78,51,77,51,80,55,85,51,79,51,76,51,82]
93--[79,51,78,51,77,51,80,55,85,51,79,51,76,51,82]
94--[79,51,78,51,77,51,80,55,85,51,79,55,76,51,82]
95--[79,51,78,51,77,51,80,55,85,51,79,51,76,51,82]
96--[84,78,78,71,79,51,78,51,77,51,80,55,85,51,79,51,76,51,82]
97--[79,51,78,51,77,51,80,55,85,51,79,55,76,51,82]
98--[51,78,51,77,51][51,80,55,85,51]
99--[79,51,78,51,77,51,80,55,85,51,79]
100--[84,78,78,71,79,51,78,51,77,51,80,55,85,51,79,51,76,51,82]
101--[79,51,78,51,77,51,80,55,85,51,79,51,76,51,82]
102--[88,80,84,78,78,71,79,51,78,51,77,51,80,55,85,51,79,55,76,51,82]
103--[79,51,78,51,77,51,80,55,85,51,79]
104--[84,78,78,71,79,51,78,51,77,51,80,55,85,51,79,51,76,51,82]
105--[79,51,78,51,77,51,80,55,85,51,79,51,76,51,82]
106--[79,51,78,55,77,51,80,55,85,51,79,51,76,51,82]
107--[79,51,78,51,77,51,80,55,85,51,79,51,76,51,82]
108--[79,51,78,51,77,51,80,55,85,51,79,51,76,51,82]
109--[79,51,78,51,77,51,80,55,85,51,79,51,76,51,82]
110--[79,51,78,51,77,51,80,55,85,51,79,51,76]
111--[84,78,78,71,79,51,78,51,77,51,80,55,85,51,79,51,76,51,82]
112--[84,78,78,71,79,51,78,51,77,51,80,55,85,51,79,51,76,51,82]
113--[79,51,78,51,77,51,80,55,85,51,79,51,76,51,82]
114--[84,78,78,71,79,51,78,51,77,51,80,55,85,51,79]
115--[79,51,78,51,77,51,80,55,85,51,79,51,76,51,82]
116--[79,51,78,51,77,51,80,55,85,51,79,51,76,51,82]
117--[79,51,78,51,77,51,80,55,85,51,79]
118--[84,78,78,71,79,51,78,51,77,51,80,55,85,51,79,51,76,51,82]
119--[84,78,78,71,79,51,78,51,77,51,80,55,85,51,79,51,76,51,82]
120--[84,78,78,71,79,51,78,51,77,51,80,55,85,51,79,51,76,51,82]
121--[84,78,78,71,79,51,78,51,77,51,80,55,85,51,79,51,76,51,82]
122--[79,51,78,51,77,51,80,55,85,51,79,51,76,51,82]
123--[84,78,78,71,79,51,78,51,77,51,80,55,85,51,79,51,76,51,82]
124--[84,78,78,71,79,51,78,51,77,51,80,55,85,51,79,51,76,51,82]
125--[84,78,78,71,79,51,78,51,77,51,80,55,85,51,79,51,76,51,82]
126--[84,78,78,71,79,51,78,51,77,51,80,55,85,51,79]
127--[79,51,78,55,77,51,80,55,85,51,79,51,76,51,82]
128--[84,78,78,71,79,51,78,51,77,51,80,55,85,51,79,51,76,51,82]
129--[84,78,78,71,79,51,78,51,77,51,80,55,85,51,79,51,76,51,82]
130--[84,78,78,71,79,51,78,51,77,51,80,55,85,51,79,51,76,51,82]
131--[79,51,78,51,77,51,80,55,85,51,79,51,76,51,82]
132--[84,78,78,71,79,51,78,51,77,51,80,55,85,51,79,51,76,51,82]
133--[84,78,78,71,79,51,78,51,77,51,80,55,85,51,79,51,76,51,82]
134--[84,78,78,71,79,51,78,51,77,51,80,55,85,51,79]
135--[84,78,71,79,78,51,77,51,80,51,85,51,79,51,76,51,82]
136--[84,78,78,71,79,51,78,51,77,51,80,55,85,51,79,51,76,51,82]
137--[84,78,78,71,79,51,78,51,77,51,80,55,85,51,79]
138--[84,78,78,71,79,51,78,51,77,51,80,55,85,51,79,51,76,51,82]
139--[84,78,78,71,79,51,78,51,77,51,80,55,85,51,79,51,76,51,82]
140--[84,78,78,71,79,51,78,51,77,51,80,55,85,51,79,51,76,51,82]
141--[84,78,78,71,79,51,78,51,77,51,80,55,85,51,79,51,76,51,82]
142--[79,51,78,51,77,51,80,55,85,51,79,51,76]
143--[84,78,78,71,79,51,78,51,77,51,80,55,85,51,79,51,76,51,82]
144--[84,78,78,71,79,51,78,51,77,51,80,55,85,51,79,51,76,51,82]
145--[84,78,78,71,79,51,78,51,77,51,80,55,85,51,79,51,76,51,82]
146--[79,51,78,55,77,51,80,55,85,51,79,51,76,55,82]
147--[79,51,78,51,77,51,80,55,85,51,79,51,76,51,82]
148--[79,51,78,51,77,51,80,55,85,51,79,51,76,51,82]
149--[84,78,78,71,79,51,78,51,77,51,80,55,85,51,79,51,76,51,82]
150--[84,78,78,71,79,51,78,51,77,51,80,55,85,51,79,51,76,51,82]
151--[88,80,84,78,78,71,79,51,78,51,77,51,80,55,85,51,79]
152--[79,51,78,51,77,51,80,55,85,51,79,51,76,51,82]
153--[84,78,78,71,79,51,78,51,77,51,80,55,85,51,79,51,76,51,82]
154--[84,78,78,71,79,51,78,51,77,51,80,55,85,51,79,51,76]
155--[80,84,78,78,71,79,51,78,55,77,51,80,55,85,51,79,51,76,55,82]
156--[79,51,78,51,77,51,80,55,85,51,79,51,76,51,82]
157--[84,78,78,71,79,51,78,51,77,51,80,55,85,51,79,51,76,51,82]
158--[84,78,78,71,79,51,78,55,77,51,80,55,85,51,79,51,76,51,82]
159--[84,78,78,71,79,51,78,51,77,51,80,55,85,51,79,51,76,51,82]
160--[79,51,78,51,77,51,80,55,85,51,79,51,76,51,82]
161--[79,51,78,51,77,51,80,55,85,51,79]
162--[79,51,78,51,77,51,80,55,85,51,79,51,76,51,82]
163--[79,51,78,51,77,51,80,55,85,51,79,51,76,51,82]
164--[84,78,78,71,79,51,78,51,77,51,80,55,85,51,79,51,76,51,82]
165--[79,51,78,51,77,51,80,55,85,51,79,51,76,51,82]
166--[79,51,78,51,77,51,80,55,85,51,79,51,76,51,82]
167--[51,78,51,77,51][51,80,55,85,51]
168--[79,51,78,51,77,51,80,55,85,51,79,51,76,51,82]
169--[84,78,78,71,79,51,78,51,77,51,80,55,85,51,79,51,76,51,82]
170--[79,51,78,51,77,51,80,55,85,51,79,51,76,51,82]
171--[84,78,78,71,79,51,78,51,77,51,80,55,85,51,79,51,76,51,82]
172--[79,51,78,51,77,51,80,55,85,51,79]
173--[51,78,51,77,51][51,79,55,76,51][51,80,55,85,51]
174--[84,78,78,71,79,51,78,51,77,51,80,55,85,51,79,51,76,51,82]
175--[79,51,78,51,77,51,80,55,85,51,79,51,76,51,82]
176--[84,78,78,71,79,51,78,51,77,51,80,55,85,51,79,51,76,51,82]
177--[84,78,78,71,79,51,78,51,77,51,80,55,85,51,79,51,76,51,82]
178--[84,78,78,71,79,51,78,51,77,51,80,55,85,51,79,51,76,51,82]
179--[79,51,78,51,77,51,80,55,85,51,79,51,76,51,82]
180--[51,78,51,77,51][51,80,55,85,51]
181--[79,51,78,51,77,51,80,55,85,51,79]
182--[84,78,78,71,79,51,78,51,77,51,80,55,85,51,79,51,76,51,82]
183--[79,51,78,51,77,51,80,55,85,51,79,51,76,51,82]
184--[84,78,78,71,79,51,78,51,77,51,80,55,85,51,79,51,76,51,82]
185--[80,76,84,78,78,71,79,51,78,55,77,51,80,55,85,51,79,51,76,51,82]
186--[79,51,78,51,77,51,80,55,85,51,79,51,76,51,82]
187--[79,51,78,51,77,51,80,55,85,51,79,51,76,51,82]
188--[51,78,51,77,51][51,79,51,76,51][51,80,55,85,51]
189--[79,51,78,51,77,51,80,55,85,51,79,51,76,51,82]
190--[79,51,78,51,77,51,80,55,85,51,79,51,76,51,82]
191--[79,51,78,51,77,51,80,55,85,51,79,51,76,51,82]
192--[79,51,78,51,77,51,80,55,85,51,79,51,76,51,82]
193--[51,87,55,90][86,51,80,51]
194--[79,51,78,51,77,51,80,55,85,51,79,51,76,51,82]
195--[84,78,78,71,79,51,78,51,77,51,80,55,85,51,79,51,76,51,82]
196--[84,78,78,71,79,51,78,51,77,51,80,55,85,51,79,51,76,51,82]
197--[84,78,78,71,79,51,78,51,77,51,80,55,85,51,79,51,76,51,82]
198--[79,51,78,51,77,51,80,55,85,51,79,51,76,51,82]
199--[84,78,78,71,79,51,78,51,77,51,80,55,85,51,79,51,76,51,82]
200--[79,51,78,51,77,51,80,55,85,51,79]
201--[79,51,78,51,77,51,80,55,85,51,79,51,76,51,82]
202--[79,51,78,51,77,51,80,55,85,51,79,51,76,51,82]
203--[79,51,78,51,77,51,80,55,85,51,79,51,76,51,82]
204--[79,51,78,51,77,51,80,55,85,51,79,51,76,51,82]
205--[79,51,78,51,77,51,80,55,85,51,79,51,76,51,82]
206--[84,78,78,71,79,51,78,51,77,51,80,55,85,51,79,51,76,51,82]
207--[79,51,78,51,77,51,80,55,85,51,79,51,76,51,82]
208--[84,78,78,71,79,51,78,51,77,51,80,55,85,51,79,51,76,51,82]
209--[84,78,78,71,79,51,78,51,77,51,80,55,85,51,79,51,76,51,82]
210--[84,78,78,71,79,51,78,51,77,51,80,55,85,51,79,51,76,51,82]
211--[79,51,78,51,77,51,80,55,85,51,79,51,76,51,82]
212--[79,51,78,55,77,51,80,55,85,51,79,51,76,51,82]
213--[84,78,78,71,79,51,78,51,77,51,80,55,85,51,79,51,76,51,82]
214--[79,51,78,51,77,51,80,55,85,51,79,51,76,51,82]
215--[79,51,78,51,77,51,80,55,85,51,79,51,76,51,82]
216--[79,51,78,51,77,51,80,55,85,51,79,51,76,51,82]
217--[79,51,78,51,77,51,80,55,85,51,79,51,76,51,82]
218--[79,51,78,51,77,51,80,55,85,51,79,51,76,51,82]
219--[79,51,78,51,77,51,80,55,85,51,79,51,76,51,82]
220--[84,78,78,71,79,51,78,51,77,51,80,55,85,51,79,51,76,51,82]
221--[84,78,78,71,79,51,78,51,77,51,80,55,85,51,79,51,76,51,82]
222--[84,78,78,71,79,51,78,51,77,51,80,55,85,51,79,51,76,51,82]
223--[84,78,78,71,79,51,78,51,77,51,80,55,85,51,79,51,76,51,82]
224--[79,51,78,51,77,51,80,55,85,51,79,51,76,51,82]
225--[84,78,78,71,79,51,78,51,77,51,80,55,85,51,79,51,76,51,82]
226--[79,51,78,51,77,51,80,55,85,51,79,51,76,51,82]
227--[79,51,78,51,77,51,80,55,85,51,79,51,76,51,82]
228--[79,51,78,51,77,51,80,55,85,51,79,51,76,51,82]
229--[79,51,78,51,77,51,80,55,85,51,79,51,76,51,82]
230--[79,51,78,51,77,51,80,55,85,51,79,51,76,51,82]
231--[79,51,78,51,77,51,80,55,85,51,79,51,76,51,82]
232--[79,51,78,51,77,51,80,55,85,51,79,51,76,51,82]
233--[79,51,78,51,77,51,80,55,85,51,79,51,76,51,82]
234--[88,88,80,84,78,78,71,79,51,78,51,77,51,80,55,85,51,79,55,76,51,82]
235--[84,78,78,71,79,51,78,51,77,51,80,55,85,51,79,51,76,51,82]
236--[79,51,78,51,77,51,80,55,85,51,79,51,76,51,82]
237--[84,78,78,71,79,51,78,51,77,51,80,55,85,51,79,51,76,51,82]
238--[84,78,78,71,79,51,78,51,77,51,80,55,85,51,79,51,76,51,82]
239--[79,51,78,51,77,51,80,55,85,51,79,51,76,51,82]
240--[84,78,78,71,79,51,78,51,77,51,80,55,85,51,79,51,76,51,82]
241--[84,78,78,71,79,51,78,51,77,51,80,55,85,51,79,51,76,51,82]
242--[88,80,84,78,78,71,79,51,78,51,77,51,80,55,85,51,79,55,76,51,82]
243--[84,78,78,71,79,51,78,51,77,51,80,55,85,51,79,51,76,51,82]
244--[84,78,78,71,79,51,78,51,77,51,80,55,85,51,79,51,76,51,82]
245--[84,78,78,71,79,51,78,51,77,51,80,55,85,51,79,51,76,51,82]
246--[84,78,78,71,79,51,78,51,77,51,80,55,85,51,79,51,76,51,82]
247--[84,78,78,71,79,51,78,51,77,51,80,55,85,51,79,51,76,51,82]
248--[84,78,78,71,79,51,78,51,77,51,80,55,85,51,79,51,76,51,82]
249--[84,78,78,71,79,51,78,51,77,51,80,55,85,51,79,51,76,51,82]
250--[84,78,78,71,79,51,78,51,77,51,80,55,85,51,79,51,76,51,82]
251--[79,51,78,51,77,51,80,55,85,51,79,51,76,51,82]
252--[84,78,78,71,79,51,78,51,77,51,80,55,85,51,79,51,76,51,82]
253--[84,78,78,71,79,51,78,51,77,51,80,55,85,51,79,51,76,51,82]
254--[84,78,78,71,79,51,78,51,77,51,80,55,85,51,79,51,76,51,82]
255--[84,78,78,71,79,51,78,51,77,51,80,55,85,51,79,51,76,51,82]
256--[80,84,78,78,71,79,51,78,51,77,51,80,55,85,51,79,51,76,51,82]
257--[79,51,78,51,77,51,80,55,85,51,79,51,76,51,82]
258--[80,84,78,78,71,79,51,78,51,77,51,80,55,85,51,79,55,76,51,82]
259--[84,78,78,71,79,51,78,51,77,51,80,55,85,51,79,51,76,51,82]
260--[84,78,78,71,79,51,78,51,77,51,80,55,85,51,79,51,76,51,82]
261--[79,51,78,51,77,51,80,55,85,51,79,51,76,51,82]
262--[79,51,78,51,77,51,80,55,85,51,79,51,76,51,82]
263--[84,78,78,71,79,51,78,51,77,51,80,55,85,51,79,51,76,51,82]
264--[79,51,78,51,77,51,80,55,85,51,79,51,76,51,82]
265--[84,78,78,71,79,51,78,51,77,51,80,55,85,51,79,51,76,51,82]
266--[84,78,78,71,79,51,78,51,77,51,80,55,85,51,79,51,76,51,82]
267--[84,78,78,71,79,51,78,51,77,51,80,55,85,51,79,51,76,51,82]
268--[84,78,78,71,79,51,78,51,77,51,80,55,85,51,79,51,76,51,82]
269--[84,78,78,71,79,51,78,51,77,51,80,55,85,51,79,51,76,51,82]
270--[84,78,78,71,79,51,78,51,77,51,80,55,85,51,79,51,76,51,82]
271--[77,51,80,55,85,51,79,51,76,51,82]
272--[79,51,78,51,77,51,80,55,85,51,79]
273--[79,51,78,51,77,51,80,55,85,51,79,51,76,51,82]
274--[84,78,78,71,79,51,78,51,77,51,80,55,85,51,79,51,76,51,82]
275--[79,51,78,51,77,51,80,55,85,51,79,51,76,51,82]
276--[79,51,78,51,77,51,80,55,85,51,79,51,76,51,82]
277--[77,51,80,55,85,51,79,51,76,51,82]
278--[80,84,78,78,71,79,51,78,51,77,51,80,55,85,51,79,51,76,51,82]
279--[79,51,78,51,77,51,80,55,85,51,79,51,76,51,82]
280--[79,51,78,51,77,51,80,55,85,51,79]
281--[78,51,77,51,80,51,85,51,79,51,76,51,82,78]
282--[80,84,78,78,71,79,51,78,51,77,51,80,55,85,51,79,55,76,51,82]
283--[79,51,78,51,77,51,80,55,85,51,79,51,76,51,82]
284--[84,78,78,71,79,51,78,51,77,51,80,55,85,51,79,51,76,51,82]
285--[79,51,78,51,77,51,80,55,85,51,79,51,76,51,82]
286--[79,51,78,51,77,51,80,55,85,51,79,51,76,51,82]
287--[79,51,78,51,77,51,80,55,85,51,79,51,76,51,82]
288--[79,51,78,51,77,51,80,55,85,51,79,51,76,51,82]
289--[84,78,78,71,79,51,78,51,77,51,80,55,85,51,79,51,76]
290--[79,51,78,51,77,51,80,55,85,51,79]
291--[84,78,78,71,79,51,78,51,77,51,80,55,85,51,79,51,76,51,82]
292--[79,51,78,51,77,51,80,55,85,51,79,55,76]
293--[51,78,51,77,51][51,80,55,85,51]
294--[79,51,78,51,77,51,80,55,85,51,79,51,76,51,82]
295--[79,51,78,51,77,51,80,55,85,51,79,51,76,51,82]
296--[79,51,78,51,77,51,80,55,85,51,79,51,76,51,82]
297--[79,51,78,51,77,51,80,55,85,51,79,51,76]
298--[79,51,78,51,77,51,80,55,85,51,79,51,76,51,82]
299--[80,84,78,78,71,79,51,78,51,77,51,80,55,85,51,79,51,76,51,82]
300--[79,51,78,51,77,51,80,55,85,51,79,51,76,51,82]
301--[51,80]
302--[79,51,78,51,78,51,77,51,77,51,80]
303--[84,84,78,78,78,51,78,55,71,51,71,55,79,51,79,51,78,51,78,51,77,51,77,51,80,51,80,55,85,51,85,51,79,51,79,51,76,51,76,51,82,51,82,108]
304--[80]
305--[84,78,78,71,79,51,78,51,77,51,80,55,85,51,79,51,76,51,82]
306--[79,51,78,51,77,51,80,55,85,51,79,51,76,51,82]
307--[84,78,78,71,79,51,78,55,77,51,80,55,85,51,79,51,76,51,82]
308--[79,51,78,51,77,51,80,55,85,51,79,51,76,51,82]
309--[80,84,78,78,71,79,51,78,51,77,51,80,55,85,51,79,51,76,51,82]
310--[79,51,78,51,77,51,80,55,85,51,79,51,76]
311--[84,78,78,71,79,51,78,51,77,51,80,55,85,51,79,51,76,51,82]
312--[79,51,78,51,77,51,80,55,85,51,79,51,76,51,82]
313--[84,78,78,71,79,51,78,51,77,51,80,55,85,51,79,51,76,51,82]
314--[84,78,78,71,79,51,78,51,77,51,80,55,85,51,79,51,76,51,82]
315--[79,51,78,51,77,51,80,55,85,51,79]
316--[79,51,78,51,77,51,80,55,85,51,79,51,76,51,82]
317--[79,51,78,51,77,51,80,55,85,51,79]
318--[79,51,78,51,77,51,80,55,85,51,79,51,76]
319--[79,51,78,55,77,51,80,55,85,51,79,51,76,51,82]
320--[51,78,51,77,51][51,80,55,85,51]
321--[51,78,51,77,51][51,80,55,85,51]
322--[79,51,78,51,77,51,80,55,85,51,79,51,76,51,82]
323--[79,51,78,51,77,51,80,55,85,51,79]
324--[84,78,78,71,79,51,78,51,77,51,80,55,85,51,79,51,76,51,82]
325--[79,51,78,51,77,51,80,55,85,51,79]
326--[79,51,78,51,77,51,80,55,85,51,79]
327--[84,78,78,71,79,51,78,51,77,51,80,55,85,51,79,51,76,51,82]
328--[79,51,78,51,77,51,80,55,85,51,79,51,76]
329--[79,51,78,51,77,51,80,55,85,51,79,51,76]
330--[79,51,78,51,77,51,80,55,85,51,79,51,76,51,82]
331--[84,78,78,71,79,51,78,51,77,51,80,55,85,51,79,51,76,51,82]
332--[79,51,78,51,77,51,80,55,85,51,79,51,76,51,82]
333--[80,84,78,78,71,79,51,78,51,77,51,80,55,85,51,79,51,76,51,82]
334--[79,51,78,51,77,51,80,55,85,51,79,51,76,51,82]
335--[79,51,78,51,77,51,80,55,85,51,79,51,76,51,82]
336--[79,51,78,51,77,51,80,55,85,51,79,51,76,51,82]
337--[79,51,78,51,77,51,80,55,85,51,79,55,76,51,82]
338--[79,51,78,51,77,51,80,55,85,51,79,55,76,51,82]
339--[79,51,78,51,77,51,80,55,85,51,79,51,76,51,82]
340--[79,51,78,51,77,51,80,55,85,51,79,51,76,51,82]
341--[79,51,78,51,77,51,80,55,85,51,79,51,76,51,82]
342--[84,78,78,71,79,51,78,51,77,51,80,55,85,51,79,51,76,51,82]
343--[88,80,84,78,78,71,79,51,78,51,77,51,80,55,85,51,79,51,76,51,82]
344--[79,51,78,51,77,51,80,55,85,51,79,51,76,51,82]
345--[79,51,78,51,77,51,80,55,85,51,79,51,76,51,82]
346--[84,78,78,71,79,51,78,51,77,51,80,55,85,51,79,51,76,51,82]
347--[79,51,78,51,77,51,80,55,85,51,79]
348--[79,51,78,51,77,51,80,55,85,51,79,51,76,51,82]
349--[84,78,78,71,79,51,78,51,77,51,80,55,85,51,79,51,76,51,82]
350--[84,78,78,71,79,51,78,51,77,51,80,55,85,51,79,51,76,51,82]
351--[79,51,78,51,77,51,80,55,85,51,79,51,76,51,82]
352--[84,78,78,71,79,51,78,51,77,51,80,55,85,51,79,51,76,51,82]
353--[84,78,78,71,79,51,78,51,77,51,80,55,85,51,79,51,76,51,82]
354--[51,78,51,77,51][51,80,55,85,51]
355--[84,78,78,71,79,51,78,51,77,51,80,55,85,51,79,51,76,51,82]
356--[51,80]
357--[88,80,84,78,78,71,79,51,78,51,77,51,80,55,85,51,79,55,76,51,82]
358--[84,78,78,71,79,51,78,51,77,51,80,55,85,51,79,51,76,51,82]
359--[84,78,78,71,79,51,78,51,77,51,80,55,85,51,79]
360--[84,78,78,71,79,51,78,51,77,51,80,55,85,51,79,51,76,51,82]
361--[84,78,78,71,79,51,78,51,77,51,80,55,85,51,79,51,76,51,82]
362--[88,80,84,78,78,71,79,51,78,51,77,51,80,55,85,51,79]
363--[84,78,78,71,79,51,78,51,77,51,80,55,85,51,79,51,76,51,82]
364--[84,78,78,71,79,51,78,51,77,51,80,55,85,51,79,51,76,51,82]
365--[84,78,78,71,79,51,78,51,77,51,80,55,85,51,79,51,76,51,82]
366--[79,51,78,51,77,51,80,55,85,51,79,51,76,51,82]
367--[51,78,51,77,51][51,80,55,85,51]
368--[84,78,78,71,79,51,78,51,77,51,80,55,85,51,79,51,76,51,82]
369--[84,78,78,71,79,51,78,55,77,51,80,55,85,51,79,51,76]
370--[84,78,78,71,79,51,78,51,77,51,80,55,85,51,79,51,76,51,82]
371--[84,78,78,71,79,51,78,51,77,51,80,55,85,51,79,51,76,51,82]
372--[84,78,78,71,79,51,78,51,77,51,80,55,85,51,79,51,76,51,82]
373--[84,78,78,71,79,51,78,51,77,51,80,55,85,51,79,51,76,51,82]
374--[80,84,78,78,71,79,51,78,51,77,51,80,55,85,51,79,55,76,51,82]
375--[84,78,78,71,79,51,78,51,77,51,80,55,85,51,79,51,76,51,82]
376--[78,51,77,51,80,51,85,51,79,51,76,51,82,78]
377--[51,78,51,77,51][51,80,55,85,51]
378--[84,78,78,71,79,51,78,51,77,51,80,55,85,51,79,51,76,51,82]
379--[84,78,78,71,79,51,78,51,77,51,80,55,85,51,79,51,76,51,82]
380--[84,78,78,71,79,51,78,51,77,51,80,55,85,51,79,51,76,51,82]
381--[100,88,87,88,88,80,76,84,78,78,71,79,51,78,55,77,51,80,55,85,51,79,51,76,55,82]
382--[84,78,78,71,79,51,78,51,77,51,80,55,85,51,79,51,76,51,82]
383--[84,78,78,71,79,51,78,51,77,51,80,55,85,51,79,51,76,51,82]
384--[51,78,51,77,51][51,79,51,76,51][51,80,55,85,51]
385--[84,78,78,71,79,51,78,51,77,51,80,55,85,51,79,51,76,51,82]
386--[79,51,78,51,77,51,80,55,85,51,79,51,76,51,82]
387--[79,51,78,51,77,51,80,55,85,51,79,51,76,51,82]
388--[79,51,78,51,77,51,80,55,85,51,79,55,76,51,82]
389--[79,51,78,51,77,51,80,55,85,51,79,51,76,51,82]
390--[79,51,78,51,77,51,80,55,85,51,79,51,76,51,82]
391--[79,51,78,51,77,51,80,55,85,51,79,51,76,51,82]
392--[79,51,78,51,77,51,80,55,85,51,79,51,76,51,82]
393--[84,78,78,71,79,51,78,51,77,51,80,55,85,51,79,51,76,51,82]
394--[79,51,78,51,77,51,80,55,85,51,79]
395--[84,78,78,71,79,51,78,51,77,51,80,55,85,51,79,51,76,51,82]
396--[79,51,78,51,77,51,80,55,85,51,79,51,76,51,82]
397--[84,78,78,71,79,51,78,51,77,51,80,55,85,51,79,51,76,51,82]
398--[84,78,78,71,79,51,78,51,77,51,80,55,85,51,79]
399--[79,51,78,51,77,51,80,55,85,51,79]
400--[84,78,78,71,79,51,78,51,77,51,80,55,85,51,79,51,76,51,82]
401--[51,80,51]
402--[79,51,78,51,77,51,80,55,85,51,79,51,76,51,82]
403--[79,51,78,51,77,51,80,55,85,51,79,51,76,51,82]
404--[79,51,78,51,77,51,80,55,85,51,79,51,76,51,82]
405--[79,51,78,51,77,51,80,55,85,51,79,51,76,51]
406--[79,51,78,51,77,51,80,55,85,51,79,51,76,51,82]
407--[79,51,78,51,77,51,80,55,85,51,79,51,76]
408--[84,78,78,71,79,51,78,51,77,51,80,55,85,51,79,51,76,51,82]
409--[79,51,78,55,77,51,80,55,85,51,79,51,76,51,82]
410--[79,51,78,51,77,51,80,55,85,51,79,51,76,51,82]
411--[84,78,78,71,79,51,78,55,77,51,80,55,85,51,79]
412--[84,78,78,71,79,51,78,51,77,51,80,55,85,51,79,55,76,51,82]
413--[79,51,78,55,77,51,80,55,85,51,79,51,76,55,82]
414--[79,51,78,51,77,51,80,55,85,51,79,51,76,51,82]
415--[79,51,78,51,77,51,80,55,85,51,79]
416--[79,51,78,51,77,51,80,55,85,51,79,51,76,51,82]
417--[79,51,78,51,77,51,80,55,85,51,79,51,76,51,82]
418--[79,51,78,51,77,51,80,55,85,51,79,51,76,51,82]
419--[79,51,78,51,77,51,80,55,85,51,79,51,76,51,82]
420--[79,51,78,51,77,51,80,55,85,51,79,51,76,51,82]
421--[84,78,78,71,79,51,78,51,77,51,80,55,85,51,79,51,76,51,82]
422--[79,51,78,51,77,51,80,55,85,51,79,51,76,51,82]
423--[79,51,78,51,77,51,80,55,85,51,79,51,76,51,82]
424--[51,78,51,77,51]
425--[79,51,78,51,77,51,80,55,85,51,79,51,76,51,82]
426--[84,78,78,71,79,51,78,51,77,51,80,55,85,51,79,51,76,51,82]
427--[79,51,78,51,77,51,80,55,85,51,79,51,76,51,82]
428--[77,51,80,55,85,51,79,51,76,51,82]
429--[80,84,78,78,71,79,51,78,51,77,51,80,55,85,51,79,51,76,51,82]
430--[79,51,78,51,77,51,80,55,85,51,79,51,76,51,82]
431--[51,78,51,77,51][51,79,51,76,51][51,80,55,85,51]
432--[79,51,78,51,77,51,80,55,85,51,79,51,76,51,82]
433--[79,51,78,51,77,51,80,55,85,51,79,51,76,51,82]
434--[51,78,51,77,51][51,80,55,85,51]
435--[79,51,78,51,77,51,80,55,85,51,79]
436--[79,51,78,51,77,51,80,55,85,51,79,51,76,51,82]
437--[79,51,78,51,77,51,80,55,85,51,79,51,76,51,82]
438--[88,87,88,88,80,84,78,78,71,79,51,78,51,77,51,80,55,85,51,79,55,76]
439--[79,51,78,51,77,51,80,55,85,51,79,51,76,51,82]
440--[79,51,78,51,77,51,80,55,85,51,79,51,76,51]
441--[79,51,78,51,77,51,80,55,85,51,79,51,76,51,82]
442--[79,51,78,51,77,51,80,55,85,51,79,51,76,51,82]
443--[79,51,78,51,77,51,80,55,85,51,79,55,76,51,82]
444--[79,51,78,51,77,51,80,55,85,51,79,51,76,51,82]
445--[79,51,78,51,77,51,80,55,85,51,79,51,76,51,82]
446--[79,51,78,51,77,51,80,55,85,51,79,51,76,51,82]
447--[79,51,78,51,77,51,80,55,85,51,79,51,76,51,82]
448--[84,78,78,71,79,51,78,51,77,51,80,55,85,51,79,51,76,51,82]
449--[84,78,78,71,79,51,78,51,77,51,80,55,85,51,79,51,76,51,82]
450--[80,84,78,78,71,79,51,78,51,77,51,80,55,85,51,79,51,76,51,82]
451--[79,51,78,51,77,51,80,55,85,51,79,51,76,51,82]
452--[84,78,78,71,79,51,78,51,77,51,80,55,85,51,79,51,76,51,82]
453--[84,78,78,71,79,51,78,51,77,51,80,55,85,51,79,51,76,51,82]
454--[84,78,78,71,79,51,78,51,77,51,80,55,85,51,79,51,76,51,82]
455--[84,78,78,71,79,51,78,51,77,51,80,55,85,51,79,51,76,51,82]
456--[79,51,78,51,77,51,80,55,85,51,79,51,76]
457--[84,78,78,71,79,51,78,51,77,51,80,55,85,51,79,51,76,51,82]
458--[79,51,78,51,77,51,80,55,85,51,79,51,76,51,82]
459--[79,51,78,51,77,51,80,55,85,51,79,51,76,51,82]
460--[79,51,78,51,77,51,80,55,85,51,79,51,76,51,82]
461--[84,78,78,71,79,51,78,51,77,51,80,55,85,51,79,51,76,51,82]
462--[84,78,78,71,79,51,78,51,77,51,80,55,85,51,79,51,76,51,82]
463--[84,78,78,71,79,51,78,51,77,51,80,55,85,51,79,51,76,51,82]
464--[80,84,78,78,71,79,51,78,51,77,51,80,55,85,51,79,55,76,51,82]
465--[84,78,78,71,79,51,78,51,77,51,80,55,85,51,79,51,76,51,82]
466--[84,78,78,71,79,51,78,51,77,51,80,55,85,51,79,51,76,51,82]
467--[84,78,78,71,79,51,78,51,77,51,80,55,85,51,79,51,76,51,82]
468--[84,78,78,71,79,51,78,51,77,51,80,55,85,51,79,51,76,51,82]
469--[79,51,78,51,77,51,80,55,85,51,79,51,76,51,82]
470--[79,51,78,51,77,51,80,55,85,51,79,51,76,51,82]
471--[84,78,78,71,79,51,78,51,77,51,80,55,85,51,79,51,76,51,82]
472--[79,51,78,55,77,51,80,55,85,51,79,51,76,51,82]
473--[84,78,78,71,79,51,78,51,77,51,80,55,85,51,79,51,76,51,82]
474--[84,78,78,71,79,51,78,51,77,51,80,55,85,51,79,51,76,51,82]
475--[84,78,78,71,79,51,78,51,77,51,80,55,85,51,79,51,76,51,82]
476--[77,51,80,55,85,51,79,51,76,51,82]
477--[84,78,78,71,79,51,78,51,77,51,80,55,85,51,79,51,76,51,82]
478--[79,51,78,55,77,51,80,55,85,51,79,51,76,51,82]
479--[84,78,78,71,79,51,78,51,77,51,80,55,85,51,79,51,76,51,82]
480--[79,51,78,51,77,51,80,55,85,51,79,51,76,51,82]
481--[84,78,78,71,79,51,78,51,77,51,80,55,85,51,79,51,76,51,82]
482--[84,78,78,71,79,51,78,51,77,51,80,55,85,51,79,51,76,51,82]
483--[84,78,78,71,79,51,78,51,77,51,80,55,85,51,79,51,76,51,82]
484--[51,78,51,77,51][51,80,55,85,51]
485--[80,84,78,78,71,79,51,78,51,77,51,80,55,85,51,79,51,76,51,82]
486--[84,78,78,71,79,51,78,51,77,51,80,55,85,51,79,51,76,51,82]
487--[79,51,78,51,77,51,80,55,85,51,79,51,76,51,82]
488--[79,51,78,51,77,51,80,55,85,51,79,51,76,51,82]
489--[79,51,78,51,77,51,80,55,85,51,79,51,76,51,82]
490--[84,78,78,71,79,51,78,51,77,51,80,55,85,51,79,51,76,51,82]
491--[84,78,78,71,79,51,78,51,77,51,80,55,85,51,79,51,76,51,82]
492--[79,51,78,51,77,51,80,55,85,51,79,51,76,51,82]
493--[84,78,78,71,79,51,78,51,77,51,80,55,85,51,79,51,76,51,82]
494--[79,51,78,51,77,51,80,55,85,51,79]
495--[79,51,78,51,77,51,80,55,85,51,79,51,76,51,82]
496--[84,78,78,71,79,51,78,51,77,51,80,55,85,51,79,51,76,51,82]
497--[84,78,78,71,79,51,78,51,77,51,80,55,85,51,79,51,76]
498--[79,51,78,51,77,51,80,55,85,51,79,51,76,51,82]
499--[79,51,78,51,77,51,80,55,85,51,79,51,76,51,82]
500--[79,51,78,51,77,51,80,55,85,51,79,51,76,51,82]
501--[84,78,78,71,79,51,78,51,77,51,80,55,85,51,79,51,76,51,82]
502--[84,78,78,71,79,51,78,51,77,51,80,55,85,51,79,51,76,51,82]
503--[84,78,78,71,79,51,78,51,77,51,80,55,85,51,79,51,76,51,82]
504--[79,51,78,51,77,51,80,55,85,51,79,51,76,51,82]
505--[79,51,78,51,77,51,80,55,85,51,79]
506--[84,78,78,71,79,51,78,51,77,51,80,55,85,51,79,51,76,51,82]
507--[84,78,78,71,79,51,78,51,77,51,80,55,85,51,79,51,76,51,82]
508--[79,51,78,51,77,51,80]
509--[79,51,78,51,77,51,80,55,85,51,79,51,76,51,82]
510--[79,51,78,51,77,51,80,55,85,51,79,51,76,51,82]
511--[79,51,78,51,77,51,80,55,85,51,79,51,76,51,82]
512--[84,78,78,71,79,51,78,51,77,51,80,55,85,51,79,51,76,51,82]
513--[79,51,78,51,77,51,80,55,85,51,79,51,76,51,82]
514--[51,87,55][90,55,77]
515--[51,78]
516--[84,78,78,71,79,51,78,51,77,51,80,55,85,51,79,51,76,51,82]
517--[84,78,78,71,79,51,78,51,77,51,80,55,85,51,79,51,76,51,82]
518--[84,78,78,71,79,51,78,51,77,51,80,55,85,51,79,51,76,51,82]
519--[84,78,78,71,79,51,78,51,77,51,80,55,85,51,79,51,76,51,82]
520--[80,84,78,78,71,79,51,78,51,77,51,80,55,85,51,79,55,76,51,82]
521--[84,78,78,71,79,51,78,51,77,51,80,55,85,51,79,51,76,51,82]
522--[88,80,84,78,78,71,79,51,78,51,77,51,80,55,85,51,79,51,76,51,82]
523--[79,51,78,51,77,51,80,55,85,51,79,55,76,51,82]
524--[84,78,78,71,79,51,78,51,77,51,80,55,85,51,79,51,76,51,82]
525--[84,78,78,71,79,51,78,55,77,51,80,55,85,51,79]
526--[88,80,84,78,78,71,79,51,78,51,77,51,80,55,85,51,79,51,76,51,82]
527--[79,51,78,51,77,51,80,55,85,51,79]
528--[79,51,78,55,77,51,80,55,85,51,79,51,76,55,82]
529--[79,51,78,51,77,51,80,55,85,51,79,51,76,51,82]
530--[79,51,78,51,77,51,80,55,85,51,79,55,76]
531--[79,51,78,51,77,51,80,55,85,51,79,51,76,51,82]
532--[51,78,51,77,51][51,80,55,85,51]
533--[55,77,51]
534--[51,87]
535--[55,77,51]
536--[51,78,51,77,51][51,80,55,85,51]
537--[55,82,51,82]
538--[51,78,51,77,51][51,80,55,85,51]
539--[51,82]
540--[51,78,51,77,51][51,79,51,76,51][51,80,55,85,51]
541--[51,78,55,77,51][51,80,55,85,51]
542--[51,78,51,77,51][51,80,55,85,51]
543--[51,78,51,77,51][51,80,55,85,51]
544--[51,78,51,77,51][51,79,55,76,51][51,80,55,85,51]
545--[100]
546--[51,80,55,85,51]
547--[55]
548--[71,55,79,51]
549--[83,55,86,51,86]
550--[51,80,51,80]
551--[87,51,87,55]
552--[55,77,51]
553--[79,51,78,51,77,51,80,55,85,51,79,51,76,51,82]
554--[84,78,78,71,79,51,78,51,77,51,80,55,85,51,79,51,76,51,82]
555--[79,51,78,51,77,51,80,55,85,51,79,51,76,51,82]
556--[79,51,78,51,77,51,80,55,85,51,79,51,76]
557--[79,51,78,51,77,51,80,55,85,51,79,51,76,51,82]
558--[79,51,78,51,77,51,80,55,85,51,79,51,76,51,82]
559--[79,51,78,51,77,51,80,55,85,51,79,51,76,51,82]
560--[79,51,78,51,77,51,80,55,85,51,79,51,76,51,82]
561--[80,84,78,78,71,79,51,78,51,77,51,80,55,85,51,79,51,76,51,82]
562--[79,51,78,51,77,51,80,55,85,51,79]
563--[79,51,78,51,77,51,80,55,85,51,79,51,76,51,82]
564--[79,51,78,51,77,51,80,55,85,51,79,51,76,51,82]
565--[80,84,78,78,71,79,51,78,51,77,51,80,55,85,51,79,51,76,51,82]
566--[79,51,78,51,77,51,80,55,85,51,79,51,76,51,82]
567--[79,51,78,51,77,51,80,55,85,51,79,51,76,51,82]
568--[84,78,78,71,79,51,78,51,77,51,80,55,85,51,79,51,76,51,82]
569--[84,78,78,71,79,51,78,51,77,51,80,55,85,51,79,51,76,51,82]
570--[84,78,78,71,79,51,78,51,77,51,80,55,85,51,79,51,76,51,82]
571--[84,78,78,71,79,51,78,51,77,51,80,55,85,51,79,51,76,51,82]
572--[79,51,78,51,77,51,80,55,85,51,79,51,76,51,82]
573--[79,51,78,51,77,51,80,55,85,51,79,51,76,51,82]
574--[100,88,87,88,88,80,84,78,78,71,79,51,78,51,77,51,80,55,85,51,79,55,76,51,82]
575--[79,51,78,51,77,51,80,55,85,51,79,51,76,51,82]
576--[79,51,78,55,77,51,80,55,85,51,79,51,76,51,82]
577--[84,78,78,71,79,51,78,51,77,51,80,55,85,51,79,51,76,51,82]
578--[71,55,79,51,78,51,77,51,80,55,85,51,79,51,76,51][80,51,80,51,87,51,87,55,90,51,90,55,77,51,77,55]
579--[78,55,71,55,79,51,78,55,77,51,80,55,85,51,79,51,76]
580--[71,55,79,51,78,51,77,51,80,55,85,51,79]
581--[77,51,80,55,85,51,79,55,76]
582--[51,78,55,77,51][51,79,51,76,51][51,80,55,85,51]
583--[79,51,78,51,77,51,80,55,85,51,79,51,76,51,82]
584--[84,78,78,71,79,51,78,51,77,51,80,55,85,51,79,51,76,51,82]
585--[88,87,88,88,80,84,78,78,71,79,51,78,51,77,51,80,55,85,51,79]
586--[84,78,78,71,79,51,78,51,77,51,80,55,85,51,79,51,76,51,82]
587--[84,78,78,71,79,51,78,51,77,51,80,55,85,51,79,51,76,51,82]
588--[79,51,78,51,77,51,80,55,85,51,79,51,76,51,82]
589--[79,51,78,51,77,51,80,55,85,51,79]
590--[55,90,51,90,55,77,51,77,55]
591--[55,90,51,90,55,77,51,77]
592--[55,90,51,90,55,77,51,77]
593--[79,51,78,51,77,51,80,55,85,51,79]
594--[79,51,78,51,77,51,80,55,85,51,79,51,76,51,82]
595--[84,78,78,71,79,51,78,51,77,51,80,55,85,51,79,51,76,51,82]
596--[79,51,78,51,77,51,80,55,85,51,79,51,76,51,82]
597--[84,78,78,71,79,51,78,51,77,51,80,55,85,51,79,51,76,51,82]
598--[84,78,78,71,79,51,78,51,77,51,80,55,85,51,79,51,76,51,82]
599--[84,78,78,71,79,51,78,51,77,51,80,55,85,51,79,51,76,51,82]
600--[84,78,78,71,79,51,78,51,77,51,80,55,85,51,79,51,76,51,82]
601--[84,78,78,71,79,51,78,51,77,51,80,55,85,51,79,51,76,51,82]
602--[84,78,78,71,79,51,78,51,77,51,80,55,85,51,79,51,76,51,82]
603--[84,78,78,71,79,51,78,51,77,51,80,55,85,51,79,55,76,51,82]
604--[84,78,78,71,79,51,78,51,77,51,80,55,85,51,79]
605--[84,78,78,71,79,51,78,51,77,51,80,55,85,51,79,51,76,51,82]
606--[84,78,78,71,79,51,78,51,77,51,80,55,85,51,79,51,76,51,82]
607--[84,78,78,71,79,51,78,51,77,51,80,55,85,51,79,51,76,51,82]
608--[84,78,78,71,79,51,78,51,77,51,80,55,85,51,79,51,76,51,82]
609--[84,78,78,71,79,51,78,51,77,51,80,55,85,51,79,51,76,51,82]
610--[84,78,78,71,79,51,78,51,77,51,80,55,85,51,79,51,76,51,82]
611--[79,51,78,51,77,51,80,55,85,51,79,51,76,51,82]
612--[84,78,78,71,79,51,78,51,77,51,80,55,85,51,79,51,76,51,82]
613--[79,51,78,51,77,51,80,55,85,51,79,51,76,51,82]
614--[79,51,78,51,77,51,80,55,85,51,79,51,76,51,82]
615--[79,51,78,51,77,51,80,55,85,51,79]
616--[84,78,78,71,79,51,78,51,77,51,80,55,85,51,79,51,76,51,82]
617--[79,51,78,51,77,51,80,55,85,51,79,51,76,51,82]
618--[84,78,78,71,79,51,78,51,77,51,80,55,85,51,79,51,76,51,82]
619--[79,51,78,51,77,51,80,55,85,51,79]
620--[84,78,78,71,79,51,78,51,77,51,80,55,85,51,79,51,76,51,82]
621--[84,78,78,71,79,51,78,51,77,51,80,55,85,51,79,51,76,51,82]
622--[79,51,78,55,77,51,80,55,85,51,79,51,76,55,82]
623--[79,51,78,51,77,51,80,55,85,51,79,51,76,51,82]
624--[88,84,78,78,71,79,51,78,51,77,51,80,55,85,51,79,51,76,51,82]
625--[84,78,78,71,79,51,78,51,77,51,80,55,85,51,79,51,76,51,82]
626--[84,78,78,71,79,51,78,51,77,51,80,55,85,51,79,51,76,51,82]
627--[79,51,78,51,77,51,80,55,85,51,79]
628--[84,78,78,71,79,51,78,51,77,51,80,55,85,51,79,51,76,51,82]
629--[84,78,78,71,79,51,78,51,77,51,80,55,85,51,79,51,76,51,82]
630--[84,78,78,71,79,51,78,51,77,51,80,55,85,51,79,51,76,51,82]
631--[77,51,80,55,85,51,79,51,76,51,82]
632--[79,51,78,51,77,51,80,55,85,51,79,51,76,51,82]
633--[79,51,78,51,77,51,80,55,85,51,79,51,76,51,82]
634--[79,51,78,51,77,51,80,55,85,51,79,51,76,51,82]
635--[79,51,78,51,77,51,80,55,85,51,79,51,76,51,82]
636--[79,51,78,51,77,51,80,55,85,51,79,51,76,51,82]
637--[79,51,78,51,77,51,80,55,85,51,79,51,76,51,82]
638--[79,51,78,55,77,51,80,55,85,51,79,51,76,55,82]
639--[79,51,78,51,77,51,80,55,85,51,79,51,76,51,82]
640--[79,51,78,51,77,51,80,55,85,51,79,51,76,51,82]
641--[55,90,55,77,80,100,88,87,88,88,84,78,78,71,79,51,78,51,77,51,80,55,85,51,79,55,76,51,82]
642--[84,78,78,71,79,51,78,51,77,51,80,55,85,51,79,51,76,51,82]
643--[84,78,78,71,79,51,78,51,77,51,80,55,85,51,79,51,76,51,82]
644--[79,51,78,51,77,51,80,55,85,51,79,51,76,51,82]
645--[84,78,78,71,79,51,78,51,77,51,80,55,85,51,79,51,76,51,82]
646--[79,51,78,51,77,51,80,55,85,51,79,51,76]
647--[79,51,78,51,77,51,80,55,85,51,79,51,76]
648--[79,51,78,51,77,51,80,55,85,51,79,51,76,51,82]
649--[79,51,78,51,77,51,80,55,85,51,79,51,76,51,82]
650--[79,51,78,51,77,51,80,55,85,51,79,51,76,51,82]
651--[79,51,78,51,77,51,80,55,85,51,79,51,76,51,82]
652--[88,84,78,78,71,79,51,78,51,77,51,80,55,85,51,79,51,76,51,82]
653--[79,51,78,51,77,51,80,55,85,51,79,51,76,51,82]
654--[79,51,78,51,77,51,80,55,85,51,79,51,76,51,82]
655--[79,51,78,51,77,51,80,55,85,51,79,51,76,51,82]
656--[79,51,78,51,77,51,80,55,85,51,79,51,76,51,82]
657--[85,51,79,51,76,51,82]
658--[79,51,78,55,77,51,80,55,85,51,79,51,76,51,82]
659--[79,51,78,51,77,51,80,55,85,51,79,51,76,51,82]
660--[79,51,78,51,77,51,80,55,85,51,79,51,76,51,82]
661--[79,51,78,51,77,51,80,55,85,51,79,51,76,51,82]
662--[84,78,78,71,79,51,78,51,77,51,80,55,85,51,79,55,76,51,82]
663--[79,51,78,51,77,51,80,55,85,51,79,51,76,51,82]
664--[79,51,78,51,77,51,80,55,85,51,79,51,76,51,82]
665--[84,78,78,71,79,51,78,51,77,51,80,55,85,51,79,51,76,51,82]
666--[84,78,78,71,79,51,78,51,77,51,80,55,85,51,79,51,76,51,82]
667--[84,78,78,71,79,51,78,51,77,51,80,55,85,51,79,51,76,51,82]
668--[84,78,78,71,79,51,78,51,77,51,80,55,85,51,79,51,76,51,82]
669--[79,51,78,51,77,51,80,55,85,51,79,51,76,51,82]
670--[84,78,78,71,79,51,78,51,77,51,80,55,85,51,79,51,76,51,82]
671--[84,78,78,71,79,51,78,51,77,51,80,55,85,51,79,51,76,51,82]
672--[84,78,78,71,79,51,78,51,77,51,80,55,85,51,79,51,76,51,82]
673--[84,78,78,71,79,51,78,51,77,51,80,55,85,51,79,51,76,51,82]
674--[84,78,78,71,79,51,78,51,77,51,80,55,85,51,79,51,76,51,82]
675--[79,51,78,51,77,51,80,55,85,51,79,51,76,51,82]
676--[51,78,51,77,51][51,80,55,85,51]
677--[84,78,78,71,79,51,78,51,77,51,80,55,85,51,79,51,76,51,82]
678--[77,51,80,55,85,51,79,51,76,51,82]
679--[84,78,78,71,79,51,78,51,77,51,80,55,85,51,79,51,76,51,82]
680--[84,78,78,71,79,51,78,51,77,51,80,55,85,51,79,51,76,51,82]
681--[84,78,78,71,79,51,78,51,77,51,80,55,85,51,79,51,76,51,82]
682--[84,78,78,71,79,51,78,51,77,51,80,55,85,51,79,51,76,51,82]
683--[88,84,78,78,71,79,51,78,51,77,51,80,55,85,51,79,51,76,51,82,93,108]
684--[79,51,78,51,77,51,80,55,85,51,79,51,76,51,82,93,108]
685--[84,78,78,71,79,51,78,51,77,51,80,55,85,51,79]
686--[84,78,78,71,79,51,78,51,77,51,80,55,85,51,79,51,76,51,82,93,108]
687--[84,78,78,71,79,51,78,51,77,51,80,55,85,51,79,51,76,51,82,93,108]
688--[84,78,78,71,79,51,78,51,77,51,80,55,85,51,79,51,76,51,82,93,108]
689--[84,78,78,71,79,51,78,51,77,51,80,55,85,51,79,51,76,51,82,93,108]
690--[84,78,78,71,79,51,78,51,77,51,80,55,85,51,79,51,76,51,82,93,108]
691--[84,78,78,71,79,51,78,51,77,51,80,55,85,51,79,51,76,51,82,93,108]
692--[79,51,78,51,77,51,80,55,85,51,79,51,76,51,82,93,108]
693--[79,51,78,51,77,51,80,55,85,51,79]
694--[84,78,78,71,79,51,78,51,77,51,80,55,85,51,79,51,76,51,82,93,108]
695--[84,78,78,71,79,51,78,51,77,51,80,55,85,51,79,51,76,51,82]
696--[88,84,78,78,71,79,51,78,51,77,51,80,55,85,51,79,55,76,51,82,93,108]
697--[88,88]
698--[84,78,78,71,79,51,78,51,77,51,80,55,85,51,79,51,76,51,82,93,108]
699--[51,78,51,77,51][51,80,55,85,51]
700--[84,78,78,71,79,51,78,51,77,51,80,55,85,51,79,51,76,51,82,93,108]
701--[79,51,78,51,77,51,80,55,85,51,79,51,76,51,82,93,108]
702--[80,51,80,51,87,51,87,55,90,51,90,55,77,51,77]
703--[80,51,80,51,87,51,87,55,90,51,90,55,77,51,77]
704--[51,78,51,77,51][51,80,55,85,51]
705--[88,84,78,78,71,79,51,78,51,77,51,80,55,85,51,79,55,76,51,82,93,108]
706--[84,78,78,71,79,51,78,51,77,51,80,55,85,51,79,51,76,51,82]
707--[79,51,78,51,78,51,77,51,77,51,80,51,80,55,85,51,85]
708--[71,51,71,55,79,51,79,51,78,51,78,51,77,51,77,51,80,51,80,55,85,51,85,51,79,51,79]
709--[80,51,80,51,87,51,87,55,90,51,90]
710--[78,51,78,55,71,51,71,55,79,51,79,51,78,51,78,51,77,51,77,51,80,51,80,55,85,51,85,51,79,51,79,55,76,51,76]
711--[78,51,78,51,78,51,78,55,71,51,71,55,79,51,79,51,78,51,78,51,77,51,77,51,80,51,80,55,85,51,85,51,79,51,79,55,76,51,76]
712--[78,55,71,51,71,55,79,51,79,51,78,51,78,51,77,51,77,51,80,51,80,55,85,51,85,51,79,51,79]
713--[87,51,87,55,90,51,90,55,77,51,77,51,80,51,80,55,100,51,100,55,88,51,88,51,87,51,87]
714--[71,55,79,51,78,51,77,51,80,55,85,51,79]
715--[80,55,85,51]
716--[55,90,51,90,55,77,51,77]
717--[87,51,87,55,90,51,90,55,77,51,77]
718--[71,55,79,51,78,51,77,51,80,55,85,51,79]
719--[79,51,78,51,77,51,80,55,85,51,79]
720--[55,90,51,90,55,77,51,77]
721--[51,80,55,85,51]
722--[51,80,55]
723--[51,78,51,77,51][51,80,55,85,51]
724--[79,51,78,51,77,51,80,55,85,51,79]
725--[79,51,78,51,77,51,80,55,85,51,79]
726--[51,78,51,77,51][51,80,55,85,51]
727--[79,51,78,51,77,51,80,55,85,51,79]
728--[79,51,78,51,77,51,80,55,85,51,79]
729--[79,51,78,51,77,51,80,55,85,51,79,51,76,51,82]
730--[79,51,78,51,77,51,80,55,85,51,79,51,76,51]
731--[79,51,78,51,77,51,80,55,85,51,79]
732--[79,51,78,51,77,51,80,55,85,51,79]
733--[79,51,78,51,77,51,80,55,85,51,79]
734--[89,84,78,78,71,79,51,78,51,77,51,80,55,85,51,79]
735--[84,78,78,71,79,51,78,51,77,51,80,55,85,51,79]
736--[79,51,78,51,77,51,80,55,85,51,79]
737--[79,51,78,51,77,51,80,55,85,51,79]
738--[79,51,78,51,77,51,80,55,85,51,79,55,76,51,82]
739--[79,51,78,51,77,51,80,55,85,51,79]
740--[84,78,78,71,79,51,78,51,77,51,80,55,85,51,79]
741--[79,51,78,51,77,51,80,55,85,51,79]
742--[89,84,78,78,71,79,51,78,51,77,51,80,55,85,51,79]
743--[84,78,78,71,79,51,78,51,77,51,80,55,85,51,79]
744--[84,78,78,71,79,51,78,51,77,51,80,55,85,51,79,51,76,51,82]
745--[84,78,78,71,79,51,78,51,77,51,80,55,85,51,79]
746--[79,51,78,51,77,51,80,55,85,51,79,51,76,51,82]
747--[79,51,78,51,77,51,80,55,85,51,79]
748--[79,51,78,51,77,51,80,55,85,51,79,51,76,51,82]
749--[51,78,51,77,51][51,80,55,85,51]
750--[79,51,78,51,77,51,80,55,85,51,79]
751--[84,78,78,71,79,51,78,51,77,51,80,55,85,51,79]
752--[79,51,78,51,77,51,80,55,85,51,79]
753--[84,78,78,71,79,51,78,51,77,51,80,55,85,51,79]
754--[79,51,78,51,77,51,80,55,85,51,79]
755--[79,51,78,51,77,51,80,55,85,51,79]
756--[79,51,78,51,77,51,80,55,85,51,79]
757--[79,51,78,51,77,51,80,55,85,51,79]
758--[79,51,78,51,77,51,80,55,85,51,79]
759--[79,51,78,51,77][80,55,85,51,79]
760--[79,51,78,51,77,51,80,55,85,51,79]
761--[79,51,78,51,77,51,80,55,85,51,79,51,76,51,82]
762--[79,51,78,51,77,51,80,55,85,51,79]
763--[79,51,78,51,77,51,80,55,85,51,79]
764--[79,51,78,51,77,51,80,55,85,51,79]
765--[79,51,78,51,77,51,80,55,85,51,79]
766--[79,51,78,51,77,51,80,55,85,51,79]
767--[79,51,78,51,77,51,80,55,85,51,79]
768--[79,51,78,51,77,51,80,55,85,51,79]
769--[79,51,78,51,77,51,80,55,85,51,79]
770--[79,51,78,51,77,51,80,55,85,51,79]
771--[79,51,78,51,77,51,80,55,85,51,79]
772--[79,51,78,51,77,51,80,55,85,51,79]
773--[79,51,78,51,77,51,80,55,85,51,79]
774--[79,51,78,51,77,51,80,55,85,51,79]
775--[79,51,78,51,77,51,80,55,85,51,79]
776--[79,51,78,51,77,51,80,55,85,51,79]
777--[79,51,78,51,77,51,80,55,85,51,79]
778--[79,51,78,51,77,51,80,55,85,51,79]
779--[79,51,78,51,77,51,80,55,85,51,79,51,76,51,82]
780--[88,80,84,78,78,71,79,51,78,51,77,51,80,55,85,51,79]
781--[79,51,78,51,77,51,80,55,85,51,79]
782--[79,51,78,51,77,51,80,55,85,51,79]
783--[84,78,78,71,79,51,78,51,77,51,80,55,85,51,79]
784--[84,78,78,71,79,51,78,51,77,51,80,55,85,51,79]
785--[84,78,78,71,79,51,78,51,77,51,80,55,85,51,79,55,76,51,82,93,108]
786--[84,78,78,71,79,51,78,51,77,51,80,55,85,51,79]
787--[84,78,78,71,79,51,78,51,77,51,80,55,85,51,79,51,76,51,82]
788--[51,78,51,77,51][51,79,55,76,51][51,80,55,85,51]
789--[84,78,78,71,79,51,78,51,77,51,80,55,85,51,79,51,76,51,82,93,108]
790--[84,78,78,71,79,51,78,51,77,51,80,55,85,51,79]
791--[84,78,78,71,79,51,78,51,77,51,80,55,85,51,79]
792--[84,78,78,71,79,51,78,51,77,51,80,55,85,51,79]
793--[79,51,78,51,77,51,80,55,85,51,79]
794--[79,51,78,51,77,51,80,55,85,51,79]
795--[79,51,78,51,77,51,80,55,85,51,79,51,76,51,82]
796--[84,78,78,71,79,51,78,51,77,51,80,55,85,51,79]
797--[84,78,78,71,79,51,78,51,77,51,80,55,85,51,79,51,76,51,82]
798--[51,78,51,77,51][51,80,55,85,51]
799--[84,78,78,71,79,51,78,51,77,51,80,55,85,51,79]
800--[79,51,78,51,77,51,80,55,85,51,79]
801--[84,78,78,71,79,51,78,51,77,51,80,55,85,51,79,51,76,51,82,93,108]
802--[79,51,78,51,77,51,80,55,85,51,79]
803--[84,78,78,71,79,51,78,51,77,51,80,55,85,51,79,51,76,51,82,93,108]
804--[84,78,78,71,79,51,78,51,77,51,80,55,85,51,79,51,76,51,82,93,108]
805--[79,51,78,51,77,51,80,55,85,51,79][80,51,87,55,90,55,77,55,100,55,88]
806--[84,78,78,71,79,51,78,51,77,51,80,55,85,51,79,55,76,51,82]
807--[79,51,78,55,77,51,80,55,85,51,79]
808--[84,78,78,71,79,51,78,51,77,51,80,55,85,51,79]
809--[84,78,78,71,79,51,78,51,77,51,80,55,85,51,79]
810--[79,51,78,51,77,51,80,55,85,51,79,51,76,51,82]
811--[77,51,80,55,85,51,79]
812--[79,51,78,55,77,51,80]
813--[84,78,78,71,79,51,78,51,77,51,80,55,85,51,79,55,76,51,82,93,108]
814--[84,78,78,71,79,51,78,51,77,51,80,55,85,51,79]
815--[84,78,78,71,79,51,78,51,77,51,80,55,85,51,79]
816--[84,78,78,71,79,51,78,51,77,51,80,55,85,51,79]
817--[84,78,78,71,79,51,78,51,77,51,80,55,85,51,79]
818--[84,78,78,71,79,51,78,51,77,51,80,55,85,51,79]
819--[89,84,78,78,71,79,51,78,51,77,51,80,55,85,51,79]
820--[79,51,78,51,77,51,80,55,85,51,79]
821--[79,51,78,51,77,51,80,55,85,51,79]
822--[79,51,78,51,77,51,80,55,85,51,79,55,76,51,82]
823--[84,78,78,71,79,51,78,51,77,51,80,55,85,51,79]
824--[84,78,78,71,79,51,78,51,77,51,80,55,85,51,79,51,76,51,82]
825--[84,78,78,71,79,51,78,51,77,51,80,55,85,51,79,51,76,51,82,93,108]
826--[84,78,78,71,79,51,78,51,77,51,80,55,85,51,79,51,76,51,82,93,108]
827--[84,78,78,71,79,51,78,51,77,51,80,55,85,51,79,51,76,51,82,93,108]
828--[51,77,51,80,55][84,78,78,71,79]
829--[79,51,78,51,77,51,80,55,85,51,79,55,76,51,82]
830--[79,51,78,51,77,51,80,55,85,51,79,51,76,51,82]
831--[79,51,78,51,77,51,80,55,85,51,79]
832--[79,51,78,51,77,51,80,55,85,51,79,51,76,51,82]
833--[79,51,78,51,77,51,80,55,85,51,79,51,76,51,82,93,108]
834--[79,51,78,51,77,51,80,55,85,51,79,51,76,51,82]
835--[79,51,78,51,77,51,80,55,85,51,79,55,76,51,82]
836--[79,51,78,51,77,51,80,55,85,51,79,51,76,51,82,93,108]
837--[79,51,78,51,77,51,80,55,85,51,79]
838--[87,88,88,88,80,84,78,78,71,79,51,78,51,77,51,80,55,85,51,79,55,76,51,82]
839--[84,78,78,71,79,51,78,51,77,51,80,55,85,51,79]
840--[79,51,78,51,77,51,80,55,85,51,79]
841--[84,78,78,71,79,51,78,51,77,51,80,55,85,51,79,51,76,51,82]
842--[84,78,78,71,79,51,78,51,77,51,80,55,85,51,79,51,76,51,82,93,108]
843--[79,51,78,51,77,51,80,55,85,51,79,55,76,51,82,93,108]
844--[79,51,78,55,77,51,80,55,85,51,79,51,76]
845--[79,51,78,51,77,51,80,55,85,51,79]
846--[84,78,78,71,79,51,78,51,77,51,80,55,85,51,79,51,76,51,82,93,108]
847--[84,78,78,71,79,51,78,51,77,51,80,55,85,51,79,51,76,51,82,93,108]
848--[79,51,78,51,77,51,80,55,85,51,79,51,76,51,82,93,108]
849--[79,51,78,51,77,51,80,55,85,51,79]
850--[79,51,78,51,77,51,80,55,85,51,79]
851--[84,78,78,71,79,51,78,51,77,51,80,55,85,51,79,51,76,51,82]
852--[79,51,78,51,77,51,80,55,85,51,79,51,76,51,82]
853--[79,51,78,51,77,51,80,55,85,51,79,51,76]
854--[79,51,78,51,77,51,80,55,85,51,79,51,76,51,82]
855--[79,51,78,51,77,51,80,55,85,51,79,55,76,51,82,93,108]
856--[79,51,78,51,77,51,80,55,85,51,79,51,76,51,82]
857--[79,51,78,51,77,51,80,55,85,51,79,51,76,51,82,93,108]
858--[79,51,78,51,77,51,80,55,85,51,79,51,76,51,82]
859--[79,51,78,51,77,51,80,55,85,51,79]
860--[79,51,78,51,77,51,80,55,85,51,79,51,76,51,82,93,108]
861--[79,51,78,51,77,51,80,55,85,51,79]
862--[79,51,78,51,77,51,80,55,85,51,79,51,76,51,82]
863--[79,51,78,55,77,51,80,55,85,51,79,51,76]
864--[84,78,78,71,79,51,78,51,77,51,80,55,85,51,79,51,76,51,82]
865--[51,78,51,77,51][51,79,51,76,51][51,80,55,85,51]
866--[79,51,78,51,77,51,80,55,85,51,79]
867--[79,51,78,51,77,51,80,55,85,51,79,55,76,51,82]
868--[79,51,78,51,77,51,80,55,85,51,79,51,76,51,82]
869--[79,51,78,51,77,51,80,55,85,51,79,51,76,51,82]
870--[84,78,78,71,79,51,78,51,77,51,80,55,85,51,79,51,76,51,82,93,108]
871--[84,78,78,71,79,51,78,51,77,51,80,55,85,51,79,51,76,51,82,93,108]
872--[79,51,78,51,77,51,80,55,85,51,79,51,76,51,82]
873--[77,51,80,55,85,51,79,51,76,51,82]
874--[79,51,78,51,77,51,80,55,85,51,79,51,76,51,82,93,108]
875--[79,51,78,51,77,51,80,55,85,51,79]
876--[79,51,78,55,77,51,80,55,85,51,79,51,76]
877--[84,78,78,71,79,51,78,51,77,51,80,55,85,51,79,51,76,51,82,93,108]
878--[79,51,78,51,77,51,80,55,85,51,79,51,76,51,82,93,108]
879--[84,78,78,71,79,51,78,51,77,51,80,55,85,51,79,51,76,51,82,93,108]
880--[79,51,78,51,77,51,80,55,85,51,79]
881--[79,51,78,51,77,51,80,55,85,51,79,51,76,51,82]
882--[79,51,78,55,77,51,80,55,85,51,79,51,76,51,82]
883--[79,51,78,51,77,51,80,55,85,51,79]
884--[77,51,80,55,85,51,79,55,76]
885--[84,78,78,71,79,51,78,51,77,51,80,55,85,51,79,51,76,51,82,93,108]
886--[79,51,78,51,77,51,80,55,85,51,79]
887--[79,51,78,51,77,51,80,55,85,51,79,55,76,51,82]
888--[79,51,78,51,77,51,80,55,85,51,79]
889--[79,51,78,51,77,51,80,55,85,51,79,55,76,51,82,93,108]
890--[79,51,78,51,77,51,80,55,85,51,79,55,76,51,82]
891--[79,51,78,51,77,51,80,55,85,51,79]
892--[84,78,78,71,79,51,78,51,77,51,80,55,85,51,79,51,76,51,82]
893--[84,78,78,71,79,51,78,51,77,51,80,55,85,51,79]
894--[79,51,78,51,77,51,80,55,85,51,79]
895--[84,78,78,71,79,51,78,51,77,51,80,55,85,51,79]
896--[79,51,78,51,77,51,80,55,85,51,79]
897--[79,51,78,51,77,51,80,55,85,51,79]
898--[79,51,78,51,77,51,80,55,85,51,79]
899--[84,78,78,71,79,51,78,51,77,51,80,55,85,51,79]
900--[84,78,78,71,79,51,78,51,77,51,80,55,85,51,79]
901--[79,51,78,51,77,51,80,55,85,51,79]
902--[79,51,78,51,77,51,80,55,85,51,79,51,76,51,82]
903--[84,78,78,71,79,51,78,51,77,51,80,55,85,51,79]
904--[84,78,78,71,79,51,78,51,77,51,80,55,85,51,79]
905--[79,51,78,51,77,51,80,55,85,51,79,55,76,51,82]
906--[84,78,78,71,79,51,78,51,77,51,80,55,85,51,79]
907--[84,78,78,71,79,51,78,51,77,51,80,55,85,51,79]
908--[79,51,78,51,77,51,80,55,85,51,79]
909--[79,51,78,51,77,51,80,55,85,51,79]
910--[79,51,78,51,77,51,80,55,85,51,79]
911--[84,78,78,71,79,51,78,51,77,51,80,55,85,51,79,55,76,51,82]
912--[79,51,78,51,77,51,80,55,85,51,79]
913--[79,51,78,51,77,51,80,55,85,51,79,51,76,51,82]
914--[79,51,78,51,77,51,80,55,85,51,79]
915--[79,51,78,51,77,51,80,55,85,51,79,51,76,51,82]
916--[79,51,78,51,77,51,80,55,85,51,79]
917--[79,51,78,51,77,51,80,55,85,51,79,51,76,51,82]
918--[84,78,78,71,79,51,78,55,77,51,80,55,85,51,79]
919--[79,51,78,51,77,51,80,55,85,51,79]
920--[84,78,78,71,79,51,78,51,77,51,80,55,85,51,79]
921--[51,78,51,77,51][51,80,55,85,51]
922--[71,55,79,51,78,51,77,51,80,55,85,51,79,55,76]
923--[80,51,80,51,87,51,87,55,90,51,90]
924--[55,90,51,90,55,77,51,77]
925--[87,51,87,55,90,51,90,55,77,51,77]
926--[51,78,51,77,51][51,80,55,85,51]
927--[79,51,78,51,77,51,80,55,85,51,79]
928--[79,51,78,51,77,51,80,55,85,51,79]
929--[79,51,78,51,77,51,80,55,85,51,79,51,76,51,82]
930--[84,78,78,71,79,51,78,51,77,51,80,55,85,51,79,55,76,51,82]
931--[84,78,78,71,79,51,78,51,77,51,80,55,85,51,79]
932--[79,51,78,51,77,51,80,55,85,51,79]
933--[84,78,78,71,79,51,78,51,77,51,80,55,85,51,79,51,76,51,82]
934--[79,51,78,51,77,51,80,55,85,51,79,51,76,51,82]
935--[84,78,78,71,79,51,78,51,77,51,80,55,85,51,79]
936--[84,78,78,71,79,51,78,51,77,51,80,55,85,51,79]
937--[79,51,78,51,77,51,80,55,85,51,79,55,76]
938--[78,51,77,51,80,55,85,51,79]
939--[79,51,78,51,77,51,80,55,85,51,79]
940--[51,78,51,77,51][51,80,55,85,51]
941--[79,51,78,51,77,51,80,55,85,51,79]
942--[79,51,78,51,77,51,80,55,85,51,79]
943--[79,51,78,51,77,51,80,55,85,51,79]
944--[79,51,78,51,77,51,80,55,85,51,79,51,76,51,82]
945--[84,78,78,71,79,51,78,51,77,51,80,55,85,51,79]
946--[84,78,78,71,79,51,78,51,77,51,80,55,85,51,79]
947--[79,51,78,51,77,51,80,55,85,51,79,55,76]
948--[84,78,78,71,79,51,78,51,77,51,80,55,85,51,79,55,76,51,82]
949--[84,78,78,71,79,51,78,51,77,51,80,55,85,51,79]
950--[79,51,78,51,77,51,80,55,85,51,79]
951--[79,51,78,51,77,51,80,55,85,51,79]
952--[84,78,78,71,79,51,78,51,77,51,80,55,85,51,79]
953--[79,51,78,51,77,51,80,55,85,51,79]
954--[79,51,78,51,77,51,80,55,85,51,79]
955--[79,51,78,51,77,51,80,55,85,51,79]
956--[79,51,78,51,77,51,80,55,85,51,79,55,76,51,82]
957--[79,51,78,51,77,51,80,55,85,51,79]
958--[79,51,78,51,77,51,80,55,85,51,79]
959--[79,51,78,51,77,51,80,55,85,51,79]
960--[79,51,78,51,77,51,80,55,85,51,79,55,76,51,82]
961--[79,51,78,51,77,51,80,55,85,51,79]
962--[79,51,78,51,77,51,80,55,85,51,79]
963--[79,51,78,51,77,51,80,55,85,51,79,55,76,51,82]
964--[100,55,88][51,80,55][90,55,77]
965--[79,51,78,51,77,51,80,55,85,51,79]
966--[79,51,78,51,77,51,80,55,85,51,79]
967--[79,51,78,51,77,51,80,55,85,51,79,55,76,51,82]
968--[88,84,78,78,71,79,51,78,51,77,51,80,55,85,51,79,55,76]
969--[79,51,78,51,77,51,80,55,85,51,79,55,76,51,82]
970--[79,51,78,51,77,51,80,55,85,51,79,51,76,51,82]
971--[79,51,78,51,77,51,80,55,85,51,79,55,76,51,82]
972--[79,51,78,51,77,51,80,55,85,51,79]
973--[79,51,78,51,77,51,80,55,85,51,79]
974--[84,78,78,71,79,51,78,51,77,51,80,55,85,51,79]
975--[79,51,78,51,77,51,80,55,85,51,79,51,76,51,82]
976--[84,78,78,71,79,51,78,51,77,51,80,55,85,51,79,55,76,51,82]
977--[79,51,78,51,77,51,80,55,85,51,79,51,76,51,82]
978--[79,51,78,51,77,51,80,55,85,51,79,55,76]
979--[79,51,78,51,77,51,80,55,85,51,79]
980--[79,51,78,51,77,51,80,55,85,51,79]
981--[80,55,85,51,79,55,76,55,82]
982--[51,78,51,77,51][51,80,55,85,51]
983--[51,78,51,77,51][51,80,55,85,51]
984--[79,51,78,51,77,51,80,55,85,51,79]
985--[79,51,78,51,77,51,80,55,85,51,79,51,76,51,82]
986--[79,51,78,51,77,51,80,55,85,51,79]
987--[79,51,78,51,77,51,80,55,85,51,79,51,76,51,82]
988--[84,78,78,71,79,51,78,51,77,51,80,55,85,51,79]
989--[79,51,78,51,77,51,80,55,85,51,79]
990--[79,51,78,51,77,51,80,55,85,51,79]
991--[79,51,78,51,77,51,80,55,85,51,79]
992--[79,51,78,51,77,51,80,55,85,51,79,51,76]
993--[78,55,77,51,80][85,51,79,51,76]
994--[79,51,78,51,77,51,80,55,85,51,79]
995--[79,51,78,51,77,51,80,55,85,51,79]
996--[79,51,78,51,77,51,80,55,85,51,79]
997--[79,51,78,51,77,51,80,55,85,51,79]
998--[84,78,78,71,79,51,78,51,77,51,80,55,85,51,79]
999--[79,51,78,51,77,51,80,55,85,51,79]
1000--[79,51,78,51,77,51,80,55,85,51,79]
